[525.0],   [0.56]
0.24857391767858987
[425.0],   [0.75]
0.11551578483048608
[375.0],   [0.6799999999999999]
0.13691910690999395
[375.0],   [0.82]
0.16130003464678766
[327.0],   [0.6799999999999999]
0.2008074482511186
[322.0],   [0.5]
0.24038909810651102
[340.0],   [0.58]
0.267306617712132
[250.0],   [0.5820000000000001]
0.30478715355189673
[315.0],   [0.09]
0.34335314461637445
[283.0],   [0.06999999999999999]
0.3058164738260851
[262.0],   [0.065]
0.2748929403987184
[275.0],   [0.05]
0.250593497290756
[312.0],   [0.8300000000000001]
0.22997335251722628
[312.0],   [0.74]
0.2911730980604889
[317.0],   [0.74]
0.3516506439607766
[230.0],   [0.9099999999999999]
0.41431166262989955
[280.0],   [0.842]
0.5036694815198193
[245.0],   [0.805]
0.5667031128685398
[210.0],   [0.772]
0.609200859266429
[285.0],   [0.75]
0.6365056660636269
[272.0],   [0.73]
0.6545287015775518
[300.0],   [0.72]
0.6660120344813331
[300.0],   [0.6799999999999999]
0.6739774338410588
[240.0],   [0.795]
0.674849176774096
[295.0],   [0.64]
0.6919589027134575
[281.0],   [0.666]
0.6848320512443558
[265.0],   [0.65]
0.6821942281411553
[255.0],   [0.63]
0.6776371862372895
[225.0],   [0.642]
0.6707802308412025
[220.0],   [0.621]
0.6665559660534978
[207.0],   [0.636]
0.6597708875163067
[310.0],   [0.481]
0.6561684308933284
[281.0],   [0.44000000000000006]
0.6289478211968152
[259.0],   [0.49000000000000005]
0.5975867578454913
[247.0],   [0.5]
0.5787888753780673
[235.0],   [0.417]
0.5646803466167548
[230.0],   [0.472]
0.5377461574087766
[170.0],   [0.42000000000000004]
0.5255387161367511
[190.0],   [0.36]
0.5058238139792924
[238.0],   [0.19]
0.4784990892295566
[210.0],   [0.187]
0.4250610830622864
[205.0],   [0.248]
0.3830633432360592
[186.0],   [0.24700000000000003]
0.360701010401154
[140.0],   [0.27999999999999997]
0.34276877975468084
[160.0],   [0.24700000000000003]
0.33327690433922214
[155.0],   [0.223]
0.3206221363287698
[182.0],   [0.04]
0.30688828570718396
[160.0],   [0.08199999999999999]
0.2718978100284308
[125.0],   [0.151]
0.2501529027932093
[140.0],   [0.15]
0.23983337974046084
[149.0],   [0.10200000000000001]
0.23099050994489337
[140.0],   [0.02]
0.21900641012957442
[110.0],   [0.05600000000000001]
0.2020417907671189
[90.0],   [0.05]
0.19089322762405597
[55.0],   [0.034999999999999996]
0.1810127892456251
[45.0],   [0.001]
0.17158454338437096
[53.0],   [0.001]
0.16149030085244145
[57.0],   [0.001]
0.1528555829871592
[70.0],   [0.001]
0.145372126642379
[77.0],   [0.001]
0.13881356147581034
[99.0],   [0.005]
0.1330099260782073
[107.0],   [0.01]
0.127985460932503
[56.0],   [0.001]
0.12364108962629233
[47.0],   [0.001]
0.11938586732021443