0.24857391767858987
0.11551578483048608
0.13691910690999395
0.16130003464678766
0.2008074482511186
0.24038909810651102
0.267306617712132
0.30478715355189673
0.34335314461637445
0.3058164738260851
0.2748929403987184
0.250593497290756
0.22997335251722628
0.2911730980604889
0.3516506439607766
0.41431166262989955
0.5036694815198193
0.5667031128685398
0.609200859266429
0.6365056660636269
0.6545287015775518
0.6660120344813331
0.6739774338410588
0.674849176774096
0.6919589027134575
0.6848320512443558
0.6821942281411553
0.6776371862372895
0.6707802308412025
0.6665559660534978
0.6597708875163067
0.6561684308933284
0.6289478211968152
0.5975867578454913
0.5787888753780673
0.5646803466167548
0.5377461574087766
0.5255387161367511
0.5058238139792924
0.4784990892295566
0.4250610830622864
0.3830633432360592
0.360701010401154
0.34276877975468084
0.33327690433922214
0.3206221363287698
0.30688828570718396
0.2718978100284308
0.2501529027932093
0.23983337974046084
0.23099050994489337
0.21900641012957442
0.2020417907671189
0.19089322762405597
0.1810127892456251
0.17158454338437096
0.16149030085244145
0.1528555829871592
0.145372126642379
0.13881356147581034
0.1330099260782073
0.127985460932503
0.12364108962629233
0.11938586732021443