[7.5],   [0.425]
0.28338609481495003
[6.8],   [0.375]
0.2810422110340454
[8.2],   [0.375]
0.2888906249847455
[6.8],   [0.327]
0.28330127600511434
[5.0],   [0.322]
0.25895133913742524
[5.8],   [0.34]
0.27420781019488627
[5.82],   [0.25]
0.27531255050352527
[0.9],   [0.315]
0.21009576305374578
[0.7],   [0.283]
0.21187099219050765
[0.65],   [0.262]
0.21025501897892804
[0.5],   [0.275]
0.1866109203645581
[8.3],   [0.312]
0.29535563571404744
[7.4],   [0.312]
0.2923158633535219
[7.4],   [0.317]
0.29257090045988043
[9.1],   [0.23]
0.297746432461007
[8.42],   [0.28]
0.29555946957375107
[8.05],   [0.245]
0.2943452483966414
[7.72],   [0.21]
0.2925564390595313
[7.5],   [0.285]
0.29056756740737394
[7.3],   [0.272]
0.2895280215499308
[7.2],   [0.3]
0.2887677067195513
[6.8],   [0.3]
0.2863671227539312
[7.95],   [0.24]
0.29233806677811924
[6.4],   [0.295]
0.28255146559534333
[6.66],   [0.281]
0.2849657294928057
[6.5],   [0.265]
0.2835726818849487
[6.3],   [0.255]
0.2814480397851589
[6.42],   [0.225]
0.2822764985364813
[6.21],   [0.22]
0.27945769249092267
[6.36],   [0.207]
0.28023553141275687
[4.81],   [0.31]
0.2542036653593102
[4.4],   [0.281]
0.2437729308981814
[4.9],   [0.259]
0.25749624458003395
[5.0],   [0.247]
0.2597847575076968
[4.17],   [0.235]
0.23688362259455292
[4.72],   [0.23]
0.252932927138214
[4.2],   [0.17]
0.23755918215231864
[3.6],   [0.19]
0.2151674329384433
[1.9],   [0.238]
0.16662464136406097
[1.87],   [0.21]
0.16824644421344886
[2.48],   [0.205]
0.17497405295292
[2.47],   [0.186]
0.17511249408204801
[2.8],   [0.14]
0.18563559021127388
[2.47],   [0.16]
0.17467106718864522
[2.23],   [0.155]
0.16949065068202246
[0.4],   [0.182]
0.1606168247315409
[0.82],   [0.16]
0.22227339212775385
[1.51],   [0.125]
0.17814887547951502
[1.5],   [0.14]
0.1772437796795364
[1.02],   [0.149]
0.20868951020823492
[0.2],   [0.14]
0.1013528566517642
[0.56],   [0.11]
0.19296548235978742
[0.5],   [0.09]
0.17837464408722262
[0.35],   [0.055]
0.13835277160753287
[0.01],   [0.045]
0.06392685888687276
[0.01],   [0.053]
0.063876068137248
[0.01],   [0.057]
0.0638469205101426
[0.01],   [0.07]
0.06382858506714867
[0.01],   [0.077]
0.06384510692530708
[0.05],   [0.099]
0.06969362801445057
[0.1],   [0.107]
0.07800211354070236
[0.01],   [0.056]
0.06405925345144298
[0.01],   [0.047]
0.06403753808249923